# nurbs mesh v.2.1
#
# 04-Oct-2021
#
2 3 66 0 0 
PATCH 1 
1 1 
2 2 
0.000000000000000   0.000000000000000   1.000000000000000   1.000000000000000   
0.000000000000000   0.000000000000000   1.000000000000000   1.000000000000000   
-0.400000000000000   -0.400000000000000   -0.400000000000000   -0.400000000000000   
0.020000000000000   0.000000000000000   0.000000000000000   -0.020000000000000   
-0.000000000000000   -0.020000000000000   0.020000000000000   -0.000000000000000   
1.000000000000000   1.000000000000000   1.000000000000000   1.000000000000000   
PATCH 2 
2 1 
3 2 
0.000000000000000   0.000000000000000   0.000000000000000   1.000000000000000   1.000000000000000   1.000000000000000   
0.000000000000000   0.000000000000000   1.000000000000000   1.000000000000000   
-0.400000000000000   -0.400000000000000   -0.400000000000000   -0.400000000000000   -0.282842712474619   -0.400000000000000   
0.000000000000000   0.010000000000000   0.020000000000000   0.000000000000000   0.028284271247462   0.040000000000000   
-0.020000000000000   -0.010000000000000   -0.000000000000000   -0.040000000000000   -0.028284271247462   -0.000000000000000   
1.000000000000000   1.000000000000000   1.000000000000000   1.000000000000000   0.707106781186548   1.000000000000000   
PATCH 3 
2 1 
3 2 
0.000000000000000   0.000000000000000   0.000000000000000   1.000000000000000   1.000000000000000   1.000000000000000   
0.000000000000000   0.000000000000000   1.000000000000000   1.000000000000000   
-0.400000000000000   -0.400000000000000   -0.400000000000000   -0.400000000000000   -0.282842712474619   -0.400000000000000   
0.020000000000000   0.010000000000000   0.000000000000000   0.040000000000000   0.028284271247462   0.000000000000000   
-0.000000000000000   0.010000000000000   0.020000000000000   -0.000000000000000   0.028284271247462   0.040000000000000   
1.000000000000000   1.000000000000000   1.000000000000000   1.000000000000000   0.707106781186548   1.000000000000000   
PATCH 4 
2 1 
3 2 
0.000000000000000   0.000000000000000   0.000000000000000   1.000000000000000   1.000000000000000   1.000000000000000   
0.000000000000000   0.000000000000000   1.000000000000000   1.000000000000000   
-0.400000000000000   -0.400000000000000   -0.400000000000000   -0.400000000000000   -0.282842712474619   -0.400000000000000   
0.000000000000000   -0.010000000000000   -0.020000000000000   0.000000000000000   -0.028284271247462   -0.040000000000000   
0.020000000000000   0.010000000000000   -0.000000000000000   0.040000000000000   0.028284271247462   -0.000000000000000   
1.000000000000000   1.000000000000000   1.000000000000000   1.000000000000000   0.707106781186548   1.000000000000000   
PATCH 5 
2 1 
3 2 
0.000000000000000   0.000000000000000   0.000000000000000   1.000000000000000   1.000000000000000   1.000000000000000   
0.000000000000000   0.000000000000000   1.000000000000000   1.000000000000000   
-0.400000000000000   -0.400000000000000   -0.400000000000000   -0.400000000000000   -0.282842712474619   -0.400000000000000   
-0.020000000000000   -0.010000000000000   0.000000000000000   -0.040000000000000   -0.028284271247462   -0.000000000000000   
-0.000000000000000   -0.010000000000000   -0.020000000000000   -0.000000000000000   -0.028284271247462   -0.040000000000000   
1.000000000000000   1.000000000000000   1.000000000000000   1.000000000000000   0.707106781186548   1.000000000000000   
PATCH 6 
1 1 
2 2 
0.000000000000000   0.000000000000000   1.000000000000000   1.000000000000000   
0.000000000000000   0.000000000000000   1.000000000000000   1.000000000000000   
0.400000000000000   0.400000000000000   0.400000000000000   0.400000000000000   
0.020000000000000   0.000000000000000   0.000000000000000   -0.020000000000000   
0.000000000000000   0.020000000000000   -0.020000000000000   0.000000000000000   
1.000000000000000   1.000000000000000   1.000000000000000   1.000000000000000   
PATCH 7 
1 2 
2 3 
0.000000000000000   0.000000000000000   1.000000000000000   1.000000000000000   
0.000000000000000   0.000000000000000   0.000000000000000   1.000000000000000   1.000000000000000   1.000000000000000   
0.400000000000000   0.400000000000000   0.400000000000000   0.282842712474619   0.400000000000000   0.400000000000000   
0.000000000000000   0.000000000000000   0.010000000000000   0.028284271247462   0.020000000000000   0.040000000000000   
-0.020000000000000   -0.040000000000000   -0.010000000000000   -0.028284271247462   0.000000000000000   0.000000000000000   
1.000000000000000   1.000000000000000   1.000000000000000   0.707106781186548   1.000000000000000   1.000000000000000   
PATCH 8 
1 2 
2 3 
0.000000000000000   0.000000000000000   1.000000000000000   1.000000000000000   
0.000000000000000   0.000000000000000   0.000000000000000   1.000000000000000   1.000000000000000   1.000000000000000   
0.400000000000000   0.400000000000000   0.400000000000000   0.282842712474619   0.400000000000000   0.400000000000000   
0.020000000000000   0.040000000000000   0.010000000000000   0.028284271247462   0.000000000000000   0.000000000000000   
0.000000000000000   0.000000000000000   0.010000000000000   0.028284271247462   0.020000000000000   0.040000000000000   
1.000000000000000   1.000000000000000   1.000000000000000   0.707106781186548   1.000000000000000   1.000000000000000   
PATCH 9 
1 2 
2 3 
0.000000000000000   0.000000000000000   1.000000000000000   1.000000000000000   
0.000000000000000   0.000000000000000   0.000000000000000   1.000000000000000   1.000000000000000   1.000000000000000   
0.400000000000000   0.400000000000000   0.400000000000000   0.282842712474619   0.400000000000000   0.400000000000000   
0.000000000000000   0.000000000000000   -0.010000000000000   -0.028284271247462   -0.020000000000000   -0.040000000000000   
0.020000000000000   0.040000000000000   0.010000000000000   0.028284271247462   0.000000000000000   0.000000000000000   
1.000000000000000   1.000000000000000   1.000000000000000   0.707106781186548   1.000000000000000   1.000000000000000   
PATCH 10 
1 2 
2 3 
0.000000000000000   0.000000000000000   1.000000000000000   1.000000000000000   
0.000000000000000   0.000000000000000   0.000000000000000   1.000000000000000   1.000000000000000   1.000000000000000   
0.400000000000000   0.400000000000000   0.400000000000000   0.282842712474619   0.400000000000000   0.400000000000000   
-0.020000000000000   -0.040000000000000   -0.010000000000000   -0.028284271247462   0.000000000000000   -0.000000000000000   
0.000000000000000   0.000000000000000   -0.010000000000000   -0.028284271247462   -0.020000000000000   -0.040000000000000   
1.000000000000000   1.000000000000000   1.000000000000000   0.707106781186548   1.000000000000000   1.000000000000000   
PATCH 11 
2 1 
3 2 
0.000000000000000   0.000000000000000   0.000000000000000   1.000000000000000   1.000000000000000   1.000000000000000   
0.000000000000000   0.000000000000000   1.000000000000000   1.000000000000000   
-0.400000000000000   -0.282842712474619   -0.400000000000000   -0.342857142857143   -0.242436610692531   -0.342857142857143   
0.000000000000000   0.028284271247462   0.040000000000000   0.000000000000000   0.028284271247462   0.040000000000000   
-0.040000000000000   -0.028284271247462   -0.000000000000000   -0.040000000000000   -0.028284271247462   -0.000000000000000   
1.000000000000000   0.707106781186548   1.000000000000000   1.000000000000000   0.707106781186548   1.000000000000000   
PATCH 12 
2 1 
3 2 
0.000000000000000   0.000000000000000   0.000000000000000   1.000000000000000   1.000000000000000   1.000000000000000   
0.000000000000000   0.000000000000000   1.000000000000000   1.000000000000000   
-0.400000000000000   -0.282842712474619   -0.400000000000000   -0.342857142857143   -0.242436610692531   -0.342857142857143   
0.040000000000000   0.028284271247462   0.000000000000000   0.040000000000000   0.028284271247462   0.000000000000000   
-0.000000000000000   0.028284271247462   0.040000000000000   -0.000000000000000   0.028284271247462   0.040000000000000   
1.000000000000000   0.707106781186548   1.000000000000000   1.000000000000000   0.707106781186548   1.000000000000000   
PATCH 13 
2 1 
3 2 
0.000000000000000   0.000000000000000   0.000000000000000   1.000000000000000   1.000000000000000   1.000000000000000   
0.000000000000000   0.000000000000000   1.000000000000000   1.000000000000000   
-0.400000000000000   -0.282842712474619   -0.400000000000000   -0.342857142857143   -0.242436610692531   -0.342857142857143   
0.000000000000000   -0.028284271247462   -0.040000000000000   0.000000000000000   -0.028284271247462   -0.040000000000000   
0.040000000000000   0.028284271247462   -0.000000000000000   0.040000000000000   0.028284271247462   -0.000000000000000   
1.000000000000000   0.707106781186548   1.000000000000000   1.000000000000000   0.707106781186548   1.000000000000000   
PATCH 14 
2 1 
3 2 
0.000000000000000   0.000000000000000   0.000000000000000   1.000000000000000   1.000000000000000   1.000000000000000   
0.000000000000000   0.000000000000000   1.000000000000000   1.000000000000000   
-0.400000000000000   -0.282842712474619   -0.400000000000000   -0.342857142857143   -0.242436610692531   -0.342857142857143   
-0.040000000000000   -0.028284271247462   -0.000000000000000   -0.040000000000000   -0.028284271247462   -0.000000000000000   
-0.000000000000000   -0.028284271247462   -0.040000000000000   -0.000000000000000   -0.028284271247462   -0.040000000000000   
1.000000000000000   0.707106781186548   1.000000000000000   1.000000000000000   0.707106781186548   1.000000000000000   
PATCH 15 
2 1 
3 2 
0.000000000000000   0.000000000000000   0.000000000000000   1.000000000000000   1.000000000000000   1.000000000000000   
0.000000000000000   0.000000000000000   1.000000000000000   1.000000000000000   
-0.342857142857143   -0.242436610692531   -0.342857142857143   -0.285714285714286   -0.202030508910442   -0.285714285714286   
0.000000000000000   0.028284271247462   0.040000000000000   0.000000000000000   0.028284271247462   0.040000000000000   
-0.040000000000000   -0.028284271247462   -0.000000000000000   -0.040000000000000   -0.028284271247462   -0.000000000000000   
1.000000000000000   0.707106781186548   1.000000000000000   1.000000000000000   0.707106781186548   1.000000000000000   
PATCH 16 
2 1 
3 2 
0.000000000000000   0.000000000000000   0.000000000000000   1.000000000000000   1.000000000000000   1.000000000000000   
0.000000000000000   0.000000000000000   1.000000000000000   1.000000000000000   
-0.342857142857143   -0.242436610692531   -0.342857142857143   -0.285714285714286   -0.202030508910442   -0.285714285714286   
0.040000000000000   0.028284271247462   0.000000000000000   0.040000000000000   0.028284271247462   0.000000000000000   
-0.000000000000000   0.028284271247462   0.040000000000000   -0.000000000000000   0.028284271247462   0.040000000000000   
1.000000000000000   0.707106781186548   1.000000000000000   1.000000000000000   0.707106781186548   1.000000000000000   
PATCH 17 
2 1 
3 2 
0.000000000000000   0.000000000000000   0.000000000000000   1.000000000000000   1.000000000000000   1.000000000000000   
0.000000000000000   0.000000000000000   1.000000000000000   1.000000000000000   
-0.342857142857143   -0.242436610692531   -0.342857142857143   -0.285714285714286   -0.202030508910442   -0.285714285714286   
0.000000000000000   -0.028284271247462   -0.040000000000000   0.000000000000000   -0.028284271247462   -0.040000000000000   
0.040000000000000   0.028284271247462   -0.000000000000000   0.040000000000000   0.028284271247462   -0.000000000000000   
1.000000000000000   0.707106781186548   1.000000000000000   1.000000000000000   0.707106781186548   1.000000000000000   
PATCH 18 
2 1 
3 2 
0.000000000000000   0.000000000000000   0.000000000000000   1.000000000000000   1.000000000000000   1.000000000000000   
0.000000000000000   0.000000000000000   1.000000000000000   1.000000000000000   
-0.342857142857143   -0.242436610692531   -0.342857142857143   -0.285714285714286   -0.202030508910442   -0.285714285714286   
-0.040000000000000   -0.028284271247462   -0.000000000000000   -0.040000000000000   -0.028284271247462   -0.000000000000000   
-0.000000000000000   -0.028284271247462   -0.040000000000000   -0.000000000000000   -0.028284271247462   -0.040000000000000   
1.000000000000000   0.707106781186548   1.000000000000000   1.000000000000000   0.707106781186548   1.000000000000000   
PATCH 19 
2 1 
3 2 
0.000000000000000   0.000000000000000   0.000000000000000   1.000000000000000   1.000000000000000   1.000000000000000   
0.000000000000000   0.000000000000000   1.000000000000000   1.000000000000000   
-0.285714285714286   -0.202030508910442   -0.285714285714286   -0.228571428571429   -0.161624407128354   -0.228571428571429   
0.000000000000000   0.028284271247462   0.040000000000000   0.000000000000000   0.028284271247462   0.040000000000000   
-0.040000000000000   -0.028284271247462   -0.000000000000000   -0.040000000000000   -0.028284271247462   -0.000000000000000   
1.000000000000000   0.707106781186548   1.000000000000000   1.000000000000000   0.707106781186548   1.000000000000000   
PATCH 20 
2 1 
3 2 
0.000000000000000   0.000000000000000   0.000000000000000   1.000000000000000   1.000000000000000   1.000000000000000   
0.000000000000000   0.000000000000000   1.000000000000000   1.000000000000000   
-0.285714285714286   -0.202030508910442   -0.285714285714286   -0.228571428571429   -0.161624407128354   -0.228571428571429   
0.040000000000000   0.028284271247462   0.000000000000000   0.040000000000000   0.028284271247462   0.000000000000000   
-0.000000000000000   0.028284271247462   0.040000000000000   -0.000000000000000   0.028284271247462   0.040000000000000   
1.000000000000000   0.707106781186548   1.000000000000000   1.000000000000000   0.707106781186548   1.000000000000000   
PATCH 21 
2 1 
3 2 
0.000000000000000   0.000000000000000   0.000000000000000   1.000000000000000   1.000000000000000   1.000000000000000   
0.000000000000000   0.000000000000000   1.000000000000000   1.000000000000000   
-0.285714285714286   -0.202030508910442   -0.285714285714286   -0.228571428571429   -0.161624407128354   -0.228571428571429   
0.000000000000000   -0.028284271247462   -0.040000000000000   0.000000000000000   -0.028284271247462   -0.040000000000000   
0.040000000000000   0.028284271247462   -0.000000000000000   0.040000000000000   0.028284271247462   -0.000000000000000   
1.000000000000000   0.707106781186548   1.000000000000000   1.000000000000000   0.707106781186548   1.000000000000000   
PATCH 22 
2 1 
3 2 
0.000000000000000   0.000000000000000   0.000000000000000   1.000000000000000   1.000000000000000   1.000000000000000   
0.000000000000000   0.000000000000000   1.000000000000000   1.000000000000000   
-0.285714285714286   -0.202030508910442   -0.285714285714286   -0.228571428571429   -0.161624407128354   -0.228571428571429   
-0.040000000000000   -0.028284271247462   -0.000000000000000   -0.040000000000000   -0.028284271247462   -0.000000000000000   
-0.000000000000000   -0.028284271247462   -0.040000000000000   -0.000000000000000   -0.028284271247462   -0.040000000000000   
1.000000000000000   0.707106781186548   1.000000000000000   1.000000000000000   0.707106781186548   1.000000000000000   
PATCH 23 
2 1 
3 2 
0.000000000000000   0.000000000000000   0.000000000000000   1.000000000000000   1.000000000000000   1.000000000000000   
0.000000000000000   0.000000000000000   1.000000000000000   1.000000000000000   
-0.228571428571429   -0.161624407128354   -0.228571428571429   -0.171428571428571   -0.121218305346265   -0.171428571428571   
0.000000000000000   0.028284271247462   0.040000000000000   0.000000000000000   0.028284271247462   0.040000000000000   
-0.040000000000000   -0.028284271247462   -0.000000000000000   -0.040000000000000   -0.028284271247462   -0.000000000000000   
1.000000000000000   0.707106781186548   1.000000000000000   1.000000000000000   0.707106781186548   1.000000000000000   
PATCH 24 
2 1 
3 2 
0.000000000000000   0.000000000000000   0.000000000000000   1.000000000000000   1.000000000000000   1.000000000000000   
0.000000000000000   0.000000000000000   1.000000000000000   1.000000000000000   
-0.228571428571429   -0.161624407128354   -0.228571428571429   -0.171428571428571   -0.121218305346265   -0.171428571428571   
0.040000000000000   0.028284271247462   0.000000000000000   0.040000000000000   0.028284271247462   0.000000000000000   
-0.000000000000000   0.028284271247462   0.040000000000000   -0.000000000000000   0.028284271247462   0.040000000000000   
1.000000000000000   0.707106781186548   1.000000000000000   1.000000000000000   0.707106781186548   1.000000000000000   
PATCH 25 
2 1 
3 2 
0.000000000000000   0.000000000000000   0.000000000000000   1.000000000000000   1.000000000000000   1.000000000000000   
0.000000000000000   0.000000000000000   1.000000000000000   1.000000000000000   
-0.228571428571429   -0.161624407128354   -0.228571428571429   -0.171428571428571   -0.121218305346265   -0.171428571428571   
0.000000000000000   -0.028284271247462   -0.040000000000000   0.000000000000000   -0.028284271247462   -0.040000000000000   
0.040000000000000   0.028284271247462   -0.000000000000000   0.040000000000000   0.028284271247462   0.000000000000000   
1.000000000000000   0.707106781186548   1.000000000000000   1.000000000000000   0.707106781186548   1.000000000000000   
PATCH 26 
2 1 
3 2 
0.000000000000000   0.000000000000000   0.000000000000000   1.000000000000000   1.000000000000000   1.000000000000000   
0.000000000000000   0.000000000000000   1.000000000000000   1.000000000000000   
-0.228571428571429   -0.161624407128354   -0.228571428571429   -0.171428571428571   -0.121218305346265   -0.171428571428571   
-0.040000000000000   -0.028284271247462   -0.000000000000000   -0.040000000000000   -0.028284271247462   -0.000000000000000   
-0.000000000000000   -0.028284271247462   -0.040000000000000   -0.000000000000000   -0.028284271247462   -0.040000000000000   
1.000000000000000   0.707106781186548   1.000000000000000   1.000000000000000   0.707106781186548   1.000000000000000   
PATCH 27 
2 1 
3 2 
0.000000000000000   0.000000000000000   0.000000000000000   1.000000000000000   1.000000000000000   1.000000000000000   
0.000000000000000   0.000000000000000   1.000000000000000   1.000000000000000   
-0.171428571428571   -0.121218305346265   -0.171428571428571   -0.114285714285714   -0.080812203564177   -0.114285714285714   
0.000000000000000   0.028284271247462   0.040000000000000   0.000000000000000   0.028284271247462   0.040000000000000   
-0.040000000000000   -0.028284271247462   -0.000000000000000   -0.040000000000000   -0.028284271247462   -0.000000000000000   
1.000000000000000   0.707106781186548   1.000000000000000   1.000000000000000   0.707106781186548   1.000000000000000   
PATCH 28 
2 1 
3 2 
0.000000000000000   0.000000000000000   0.000000000000000   1.000000000000000   1.000000000000000   1.000000000000000   
0.000000000000000   0.000000000000000   1.000000000000000   1.000000000000000   
-0.171428571428571   -0.121218305346265   -0.171428571428571   -0.114285714285714   -0.080812203564177   -0.114285714285714   
0.040000000000000   0.028284271247462   0.000000000000000   0.040000000000000   0.028284271247462   0.000000000000000   
-0.000000000000000   0.028284271247462   0.040000000000000   -0.000000000000000   0.028284271247462   0.040000000000000   
1.000000000000000   0.707106781186548   1.000000000000000   1.000000000000000   0.707106781186548   1.000000000000000   
PATCH 29 
2 1 
3 2 
0.000000000000000   0.000000000000000   0.000000000000000   1.000000000000000   1.000000000000000   1.000000000000000   
0.000000000000000   0.000000000000000   1.000000000000000   1.000000000000000   
-0.171428571428571   -0.121218305346265   -0.171428571428571   -0.114285714285714   -0.080812203564177   -0.114285714285714   
0.000000000000000   -0.028284271247462   -0.040000000000000   0.000000000000000   -0.028284271247462   -0.040000000000000   
0.040000000000000   0.028284271247462   0.000000000000000   0.040000000000000   0.028284271247462   0.000000000000000   
1.000000000000000   0.707106781186548   1.000000000000000   1.000000000000000   0.707106781186548   1.000000000000000   
PATCH 30 
2 1 
3 2 
0.000000000000000   0.000000000000000   0.000000000000000   1.000000000000000   1.000000000000000   1.000000000000000   
0.000000000000000   0.000000000000000   1.000000000000000   1.000000000000000   
-0.171428571428571   -0.121218305346265   -0.171428571428571   -0.114285714285714   -0.080812203564177   -0.114285714285714   
-0.040000000000000   -0.028284271247462   -0.000000000000000   -0.040000000000000   -0.028284271247462   -0.000000000000000   
-0.000000000000000   -0.028284271247462   -0.040000000000000   -0.000000000000000   -0.028284271247462   -0.040000000000000   
1.000000000000000   0.707106781186548   1.000000000000000   1.000000000000000   0.707106781186548   1.000000000000000   
PATCH 31 
2 1 
3 2 
0.000000000000000   0.000000000000000   0.000000000000000   1.000000000000000   1.000000000000000   1.000000000000000   
0.000000000000000   0.000000000000000   1.000000000000000   1.000000000000000   
-0.114285714285714   -0.080812203564177   -0.114285714285714   -0.057142857142857   -0.040406101782088   -0.057142857142857   
0.000000000000000   0.028284271247462   0.040000000000000   0.000000000000000   0.028284271247462   0.040000000000000   
-0.040000000000000   -0.028284271247462   -0.000000000000000   -0.040000000000000   -0.028284271247462   -0.000000000000000   
1.000000000000000   0.707106781186548   1.000000000000000   1.000000000000000   0.707106781186548   1.000000000000000   
PATCH 32 
2 1 
3 2 
0.000000000000000   0.000000000000000   0.000000000000000   1.000000000000000   1.000000000000000   1.000000000000000   
0.000000000000000   0.000000000000000   1.000000000000000   1.000000000000000   
-0.114285714285714   -0.080812203564177   -0.114285714285714   -0.057142857142857   -0.040406101782088   -0.057142857142857   
0.040000000000000   0.028284271247462   0.000000000000000   0.040000000000000   0.028284271247462   0.000000000000000   
-0.000000000000000   0.028284271247462   0.040000000000000   -0.000000000000000   0.028284271247462   0.040000000000000   
1.000000000000000   0.707106781186548   1.000000000000000   1.000000000000000   0.707106781186548   1.000000000000000   
PATCH 33 
2 1 
3 2 
0.000000000000000   0.000000000000000   0.000000000000000   1.000000000000000   1.000000000000000   1.000000000000000   
0.000000000000000   0.000000000000000   1.000000000000000   1.000000000000000   
-0.114285714285714   -0.080812203564177   -0.114285714285714   -0.057142857142857   -0.040406101782088   -0.057142857142857   
0.000000000000000   -0.028284271247462   -0.040000000000000   0.000000000000000   -0.028284271247462   -0.040000000000000   
0.040000000000000   0.028284271247462   0.000000000000000   0.040000000000000   0.028284271247462   0.000000000000000   
1.000000000000000   0.707106781186548   1.000000000000000   1.000000000000000   0.707106781186548   1.000000000000000   
PATCH 34 
2 1 
3 2 
0.000000000000000   0.000000000000000   0.000000000000000   1.000000000000000   1.000000000000000   1.000000000000000   
0.000000000000000   0.000000000000000   1.000000000000000   1.000000000000000   
-0.114285714285714   -0.080812203564177   -0.114285714285714   -0.057142857142857   -0.040406101782088   -0.057142857142857   
-0.040000000000000   -0.028284271247462   -0.000000000000000   -0.040000000000000   -0.028284271247462   -0.000000000000000   
-0.000000000000000   -0.028284271247462   -0.040000000000000   0.000000000000000   -0.028284271247462   -0.040000000000000   
1.000000000000000   0.707106781186548   1.000000000000000   1.000000000000000   0.707106781186548   1.000000000000000   
PATCH 35 
2 1 
3 2 
0.000000000000000   0.000000000000000   0.000000000000000   1.000000000000000   1.000000000000000   1.000000000000000   
0.000000000000000   0.000000000000000   1.000000000000000   1.000000000000000   
-0.057142857142857   -0.040406101782088   -0.057142857142857   0.000000000000000   -0.000000000000000   0.000000000000000   
0.000000000000000   0.028284271247462   0.040000000000000   0.000000000000000   0.028284271247462   0.040000000000000   
-0.040000000000000   -0.028284271247462   -0.000000000000000   -0.040000000000000   -0.028284271247462   -0.000000000000000   
1.000000000000000   0.707106781186548   1.000000000000000   1.000000000000000   0.707106781186548   1.000000000000000   
PATCH 36 
2 1 
3 2 
0.000000000000000   0.000000000000000   0.000000000000000   1.000000000000000   1.000000000000000   1.000000000000000   
0.000000000000000   0.000000000000000   1.000000000000000   1.000000000000000   
-0.057142857142857   -0.040406101782088   -0.057142857142857   -0.000000000000000   -0.000000000000000   -0.000000000000000   
0.040000000000000   0.028284271247462   0.000000000000000   0.040000000000000   0.028284271247462   0.000000000000000   
-0.000000000000000   0.028284271247462   0.040000000000000   0.000000000000000   0.028284271247462   0.040000000000000   
1.000000000000000   0.707106781186548   1.000000000000000   1.000000000000000   0.707106781186548   1.000000000000000   
PATCH 37 
2 1 
3 2 
0.000000000000000   0.000000000000000   0.000000000000000   1.000000000000000   1.000000000000000   1.000000000000000   
0.000000000000000   0.000000000000000   1.000000000000000   1.000000000000000   
-0.057142857142857   -0.040406101782088   -0.057142857142857   -0.000000000000000   -0.000000000000000   -0.000000000000000   
0.000000000000000   -0.028284271247462   -0.040000000000000   0.000000000000000   -0.028284271247462   -0.040000000000000   
0.040000000000000   0.028284271247462   0.000000000000000   0.040000000000000   0.028284271247462   0.000000000000000   
1.000000000000000   0.707106781186548   1.000000000000000   1.000000000000000   0.707106781186548   1.000000000000000   
PATCH 38 
2 1 
3 2 
0.000000000000000   0.000000000000000   0.000000000000000   1.000000000000000   1.000000000000000   1.000000000000000   
0.000000000000000   0.000000000000000   1.000000000000000   1.000000000000000   
-0.057142857142857   -0.040406101782088   -0.057142857142857   -0.000000000000000   -0.000000000000000   0.000000000000000   
-0.040000000000000   -0.028284271247462   -0.000000000000000   -0.040000000000000   -0.028284271247462   -0.000000000000000   
0.000000000000000   -0.028284271247462   -0.040000000000000   0.000000000000000   -0.028284271247462   -0.040000000000000   
1.000000000000000   0.707106781186548   1.000000000000000   1.000000000000000   0.707106781186548   1.000000000000000   
PATCH 39 
2 1 
3 2 
0.000000000000000   0.000000000000000   0.000000000000000   1.000000000000000   1.000000000000000   1.000000000000000   
0.000000000000000   0.000000000000000   1.000000000000000   1.000000000000000   
0.000000000000000   0.000000000000000   0.000000000000000   0.057142857142857   0.040406101782088   0.057142857142857   
0.000000000000000   0.028284271247462   0.040000000000000   0.000000000000000   0.028284271247462   0.040000000000000   
-0.040000000000000   -0.028284271247462   -0.000000000000000   -0.040000000000000   -0.028284271247462   -0.000000000000000   
1.000000000000000   0.707106781186548   1.000000000000000   1.000000000000000   0.707106781186548   1.000000000000000   
PATCH 40 
2 1 
3 2 
0.000000000000000   0.000000000000000   0.000000000000000   1.000000000000000   1.000000000000000   1.000000000000000   
0.000000000000000   0.000000000000000   1.000000000000000   1.000000000000000   
-0.000000000000000   -0.000000000000000   -0.000000000000000   0.057142857142857   0.040406101782088   0.057142857142857   
0.040000000000000   0.028284271247462   0.000000000000000   0.040000000000000   0.028284271247462   0.000000000000000   
0.000000000000000   0.028284271247462   0.040000000000000   0.000000000000000   0.028284271247462   0.040000000000000   
1.000000000000000   0.707106781186548   1.000000000000000   1.000000000000000   0.707106781186548   1.000000000000000   
PATCH 41 
2 1 
3 2 
0.000000000000000   0.000000000000000   0.000000000000000   1.000000000000000   1.000000000000000   1.000000000000000   
0.000000000000000   0.000000000000000   1.000000000000000   1.000000000000000   
-0.000000000000000   -0.000000000000000   -0.000000000000000   0.057142857142857   0.040406101782088   0.057142857142857   
0.000000000000000   -0.028284271247462   -0.040000000000000   0.000000000000000   -0.028284271247462   -0.040000000000000   
0.040000000000000   0.028284271247462   0.000000000000000   0.040000000000000   0.028284271247462   0.000000000000000   
1.000000000000000   0.707106781186548   1.000000000000000   1.000000000000000   0.707106781186548   1.000000000000000   
PATCH 42 
2 1 
3 2 
0.000000000000000   0.000000000000000   0.000000000000000   1.000000000000000   1.000000000000000   1.000000000000000   
0.000000000000000   0.000000000000000   1.000000000000000   1.000000000000000   
-0.000000000000000   0.000000000000000   0.000000000000000   0.057142857142857   0.040406101782088   0.057142857142857   
-0.040000000000000   -0.028284271247462   -0.000000000000000   -0.040000000000000   -0.028284271247462   -0.000000000000000   
0.000000000000000   -0.028284271247462   -0.040000000000000   0.000000000000000   -0.028284271247462   -0.040000000000000   
1.000000000000000   0.707106781186548   1.000000000000000   1.000000000000000   0.707106781186548   1.000000000000000   
PATCH 43 
2 1 
3 2 
0.000000000000000   0.000000000000000   0.000000000000000   1.000000000000000   1.000000000000000   1.000000000000000   
0.000000000000000   0.000000000000000   1.000000000000000   1.000000000000000   
0.057142857142857   0.040406101782088   0.057142857142857   0.114285714285714   0.080812203564177   0.114285714285714   
0.000000000000000   0.028284271247462   0.040000000000000   0.000000000000000   0.028284271247462   0.040000000000000   
-0.040000000000000   -0.028284271247462   -0.000000000000000   -0.040000000000000   -0.028284271247462   -0.000000000000000   
1.000000000000000   0.707106781186548   1.000000000000000   1.000000000000000   0.707106781186548   1.000000000000000   
PATCH 44 
2 1 
3 2 
0.000000000000000   0.000000000000000   0.000000000000000   1.000000000000000   1.000000000000000   1.000000000000000   
0.000000000000000   0.000000000000000   1.000000000000000   1.000000000000000   
0.057142857142857   0.040406101782088   0.057142857142857   0.114285714285714   0.080812203564177   0.114285714285714   
0.040000000000000   0.028284271247462   0.000000000000000   0.040000000000000   0.028284271247462   0.000000000000000   
0.000000000000000   0.028284271247462   0.040000000000000   0.000000000000000   0.028284271247462   0.040000000000000   
1.000000000000000   0.707106781186548   1.000000000000000   1.000000000000000   0.707106781186548   1.000000000000000   
PATCH 45 
2 1 
3 2 
0.000000000000000   0.000000000000000   0.000000000000000   1.000000000000000   1.000000000000000   1.000000000000000   
0.000000000000000   0.000000000000000   1.000000000000000   1.000000000000000   
0.057142857142857   0.040406101782088   0.057142857142857   0.114285714285714   0.080812203564177   0.114285714285714   
0.000000000000000   -0.028284271247462   -0.040000000000000   0.000000000000000   -0.028284271247462   -0.040000000000000   
0.040000000000000   0.028284271247462   0.000000000000000   0.040000000000000   0.028284271247462   0.000000000000000   
1.000000000000000   0.707106781186548   1.000000000000000   1.000000000000000   0.707106781186548   1.000000000000000   
PATCH 46 
2 1 
3 2 
0.000000000000000   0.000000000000000   0.000000000000000   1.000000000000000   1.000000000000000   1.000000000000000   
0.000000000000000   0.000000000000000   1.000000000000000   1.000000000000000   
0.057142857142857   0.040406101782088   0.057142857142857   0.114285714285714   0.080812203564177   0.114285714285714   
-0.040000000000000   -0.028284271247462   -0.000000000000000   -0.040000000000000   -0.028284271247462   -0.000000000000000   
0.000000000000000   -0.028284271247462   -0.040000000000000   0.000000000000000   -0.028284271247462   -0.040000000000000   
1.000000000000000   0.707106781186548   1.000000000000000   1.000000000000000   0.707106781186548   1.000000000000000   
PATCH 47 
2 1 
3 2 
0.000000000000000   0.000000000000000   0.000000000000000   1.000000000000000   1.000000000000000   1.000000000000000   
0.000000000000000   0.000000000000000   1.000000000000000   1.000000000000000   
0.114285714285714   0.080812203564177   0.114285714285714   0.171428571428571   0.121218305346265   0.171428571428571   
0.000000000000000   0.028284271247462   0.040000000000000   0.000000000000000   0.028284271247462   0.040000000000000   
-0.040000000000000   -0.028284271247462   -0.000000000000000   -0.040000000000000   -0.028284271247462   0.000000000000000   
1.000000000000000   0.707106781186548   1.000000000000000   1.000000000000000   0.707106781186548   1.000000000000000   
PATCH 48 
2 1 
3 2 
0.000000000000000   0.000000000000000   0.000000000000000   1.000000000000000   1.000000000000000   1.000000000000000   
0.000000000000000   0.000000000000000   1.000000000000000   1.000000000000000   
0.114285714285714   0.080812203564177   0.114285714285714   0.171428571428571   0.121218305346265   0.171428571428571   
0.040000000000000   0.028284271247462   0.000000000000000   0.040000000000000   0.028284271247462   0.000000000000000   
0.000000000000000   0.028284271247462   0.040000000000000   0.000000000000000   0.028284271247462   0.040000000000000   
1.000000000000000   0.707106781186548   1.000000000000000   1.000000000000000   0.707106781186548   1.000000000000000   
PATCH 49 
2 1 
3 2 
0.000000000000000   0.000000000000000   0.000000000000000   1.000000000000000   1.000000000000000   1.000000000000000   
0.000000000000000   0.000000000000000   1.000000000000000   1.000000000000000   
0.114285714285714   0.080812203564177   0.114285714285714   0.171428571428571   0.121218305346265   0.171428571428571   
0.000000000000000   -0.028284271247462   -0.040000000000000   0.000000000000000   -0.028284271247462   -0.040000000000000   
0.040000000000000   0.028284271247462   0.000000000000000   0.040000000000000   0.028284271247462   0.000000000000000   
1.000000000000000   0.707106781186548   1.000000000000000   1.000000000000000   0.707106781186548   1.000000000000000   
PATCH 50 
2 1 
3 2 
0.000000000000000   0.000000000000000   0.000000000000000   1.000000000000000   1.000000000000000   1.000000000000000   
0.000000000000000   0.000000000000000   1.000000000000000   1.000000000000000   
0.114285714285714   0.080812203564177   0.114285714285714   0.171428571428571   0.121218305346265   0.171428571428571   
-0.040000000000000   -0.028284271247462   -0.000000000000000   -0.040000000000000   -0.028284271247462   -0.000000000000000   
0.000000000000000   -0.028284271247462   -0.040000000000000   0.000000000000000   -0.028284271247462   -0.040000000000000   
1.000000000000000   0.707106781186548   1.000000000000000   1.000000000000000   0.707106781186548   1.000000000000000   
PATCH 51 
2 1 
3 2 
0.000000000000000   0.000000000000000   0.000000000000000   1.000000000000000   1.000000000000000   1.000000000000000   
0.000000000000000   0.000000000000000   1.000000000000000   1.000000000000000   
0.171428571428571   0.121218305346265   0.171428571428571   0.228571428571429   0.161624407128354   0.228571428571429   
0.000000000000000   0.028284271247462   0.040000000000000   0.000000000000000   0.028284271247462   0.040000000000000   
-0.040000000000000   -0.028284271247462   0.000000000000000   -0.040000000000000   -0.028284271247462   0.000000000000000   
1.000000000000000   0.707106781186548   1.000000000000000   1.000000000000000   0.707106781186548   1.000000000000000   
PATCH 52 
2 1 
3 2 
0.000000000000000   0.000000000000000   0.000000000000000   1.000000000000000   1.000000000000000   1.000000000000000   
0.000000000000000   0.000000000000000   1.000000000000000   1.000000000000000   
0.171428571428571   0.121218305346265   0.171428571428571   0.228571428571429   0.161624407128354   0.228571428571429   
0.040000000000000   0.028284271247462   0.000000000000000   0.040000000000000   0.028284271247462   0.000000000000000   
0.000000000000000   0.028284271247462   0.040000000000000   0.000000000000000   0.028284271247462   0.040000000000000   
1.000000000000000   0.707106781186548   1.000000000000000   1.000000000000000   0.707106781186548   1.000000000000000   
PATCH 53 
2 1 
3 2 
0.000000000000000   0.000000000000000   0.000000000000000   1.000000000000000   1.000000000000000   1.000000000000000   
0.000000000000000   0.000000000000000   1.000000000000000   1.000000000000000   
0.171428571428571   0.121218305346265   0.171428571428571   0.228571428571429   0.161624407128354   0.228571428571429   
0.000000000000000   -0.028284271247462   -0.040000000000000   0.000000000000000   -0.028284271247462   -0.040000000000000   
0.040000000000000   0.028284271247462   0.000000000000000   0.040000000000000   0.028284271247462   0.000000000000000   
1.000000000000000   0.707106781186548   1.000000000000000   1.000000000000000   0.707106781186548   1.000000000000000   
PATCH 54 
2 1 
3 2 
0.000000000000000   0.000000000000000   0.000000000000000   1.000000000000000   1.000000000000000   1.000000000000000   
0.000000000000000   0.000000000000000   1.000000000000000   1.000000000000000   
0.171428571428571   0.121218305346265   0.171428571428571   0.228571428571429   0.161624407128354   0.228571428571429   
-0.040000000000000   -0.028284271247462   -0.000000000000000   -0.040000000000000   -0.028284271247462   -0.000000000000000   
0.000000000000000   -0.028284271247462   -0.040000000000000   0.000000000000000   -0.028284271247462   -0.040000000000000   
1.000000000000000   0.707106781186548   1.000000000000000   1.000000000000000   0.707106781186548   1.000000000000000   
PATCH 55 
2 1 
3 2 
0.000000000000000   0.000000000000000   0.000000000000000   1.000000000000000   1.000000000000000   1.000000000000000   
0.000000000000000   0.000000000000000   1.000000000000000   1.000000000000000   
0.228571428571429   0.161624407128354   0.228571428571429   0.285714285714286   0.202030508910442   0.285714285714286   
0.000000000000000   0.028284271247462   0.040000000000000   0.000000000000000   0.028284271247462   0.040000000000000   
-0.040000000000000   -0.028284271247462   0.000000000000000   -0.040000000000000   -0.028284271247462   0.000000000000000   
1.000000000000000   0.707106781186548   1.000000000000000   1.000000000000000   0.707106781186548   1.000000000000000   
PATCH 56 
2 1 
3 2 
0.000000000000000   0.000000000000000   0.000000000000000   1.000000000000000   1.000000000000000   1.000000000000000   
0.000000000000000   0.000000000000000   1.000000000000000   1.000000000000000   
0.228571428571429   0.161624407128354   0.228571428571429   0.285714285714286   0.202030508910442   0.285714285714286   
0.040000000000000   0.028284271247462   0.000000000000000   0.040000000000000   0.028284271247462   0.000000000000000   
0.000000000000000   0.028284271247462   0.040000000000000   0.000000000000000   0.028284271247462   0.040000000000000   
1.000000000000000   0.707106781186548   1.000000000000000   1.000000000000000   0.707106781186548   1.000000000000000   
PATCH 57 
2 1 
3 2 
0.000000000000000   0.000000000000000   0.000000000000000   1.000000000000000   1.000000000000000   1.000000000000000   
0.000000000000000   0.000000000000000   1.000000000000000   1.000000000000000   
